[
  {
    "material": {
      "ambient": [0.1, 0.1, 0.1],
      "diffuse": [0.1, 0.4, 0.4],
      "specular": [0.3, 0.3, 0.3],
      "n": 4
    },
    "vertices": [
      [0.5, 0.5, 0.75],
      [0.5, 0.7, 0.75],
      [0.7, 0.7, 0.75],
      [0.7, 0.5, 0.75],
      [0.7, 0.3, 0.75],
      [0.5, 0.3, 0.75],
      [0.3, 0.3, 0.75],
      [0.3, 0.5, 0.75],
      [0.3, 0.7, 0.75],
      [0.5, 0.9, 0.75],
      [0.9, 0.5, 0.75],
      [0.5, 0.1, 0.75],
      [0.1, 0.5, 0.75]
    ],
    "normals": [
      [0, 0, -1],
      [0, 0, -1],
      [0, 0, -1],
      [0, 0, -1],
      [0, 0, -1],
      [0, 0, -1],
      [0, 0, -1],
      [0, 0, -1],
      [0, 0, -1],
      [0, 0, -1],
      [0, 0, -1],
      [0, 0, -1],
      [0, 0, -1]
    ],
    "triangles": [
      [0, 1, 2],
      [0, 2, 3],
      [0, 3, 4],
      [0, 4, 5],
      [0, 5, 6],
      [0, 6, 7],
      [0, 7, 8],
      [0, 8, 1],
      [8, 9, 1],
      [2, 3, 10],
      [4, 11, 5],
      [6, 12, 7]
    ]
  },
  {
    "material": {
      "ambient": [0.1, 0.1, 0.1],
      "diffuse": [0.1, 0.8, 0.4],
      "specular": [0.3, 0.3, 0.3],
      "n": 8
    },
    "vertices": [
      [0.5, 0.5, 0.65],
      [0.5, 0.7, 0.65],
      [0.7, 0.7, 0.65],
      [0.7, 0.5, 0.65],
      [0.7, 0.3, 0.65],
      [0.5, 0.3, 0.65],
      [0.3, 0.3, 0.65],
      [0.3, 0.5, 0.65],
      [0.3, 0.7, 0.65]
    ],
    "normals": [
      [0, 0, -1],
      [0, 0, -1],
      [0, 0, -1],
      [0, 0, -1],
      [0, 0, -1],
      [0, 0, -1],
      [0, 0, -1],
      [0, 0, -1],
      [0, 0, -1]
    ],
    "triangles": [
      [0, 1, 2],
      [0, 3, 4],
      [0, 5, 6],
      [0, 7, 8]
    ]
  },
  {
    "material": {
      "ambient": [0.1, 0.1, 0.1],
      "diffuse": [0.6, 0.6, 0.4],
      "specular": [0.3, 0.3, 0.3],
      "n": 17
    },
    "vertices": [
      [0.495, 0.5, 0.75],
      [0.505, 0.5, 0.75],
      [0.3, -1.0, 0.75],
      [0.305, -1.0, 0.75]
    ],
    "normals": [
      [0, 0, -1],
      [0, 0, -1],
      [0, 0, -1],
      [0, 0, -1]
    ],
    "triangles": [
      [0, 1, 2],
      [2, 3, 1]
    ]
  }
]
